object={
	name="great_wall_china_gate"
	render_pass=Map
	clamp_to_water_level=no
	generated_content=no
	layer="temp_layer"
	pdxmesh="tgp_great_wall_gate_01_mesh"
	count=11
	transform="7565.244629 0.000000 2946.360840 0.000000 0.944900 0.000000 0.327361 1.220434 1.220434 1.220434
7657.847168 0.000000 3127.389893 0.000000 -0.812742 0.000000 -0.582624 1.227285 1.227285 1.227285
7757.013184 0.000000 3197.256836 0.000000 0.999287 0.000000 -0.037759 1.220315 1.220315 1.220315
7564.056152 0.000000 2809.502441 0.000000 -0.997954 0.000000 0.063934 1.303910 1.303910 1.303910
7718.083496 0.000000 2893.375977 0.000000 -0.929300 0.000000 -0.369325 1.305241 1.305241 1.305241
7894.189941 0.000000 3084.504395 0.000000 0.803473 0.000000 0.595342 1.304576 1.304576 1.304576
8030.829590 0.000000 3122.364258 0.000000 0.911849 0.000000 0.410525 1.460365 1.460365 1.460365
8151.390625 0.000000 3202.501221 0.000000 0.997420 0.000000 -0.071781 1.459549 1.459549 1.459549
0.000000 0.000000 0.000000 0.000000 0.000000 0.000000 1.000000 1.000000 1.000000 1.000000
0.000000 0.000000 0.000000 0.000000 0.000000 0.000000 1.000000 1.000000 1.000000 1.000000
0.000000 0.000000 0.000000 0.000000 0.000000 0.000000 1.000000 1.000000 1.000000 1.000000
"}
